50
G61587324 8573164G2
0 0 0 0 0 0 0 0
17G352468 6728G4153
0 0 0 0 0 0 0 0
2G7356184 4213G7865
0 0 0 0 0 0 0 0
G34678251 21738G564
0 0 0 0 0 0 0 0
2G1648357 G26348715
0 0 0 0 0 0 0 0
46273G185 67485132G
0 0 0 0 0 0 0 0
4285137G6 21735G846
0 0 0 0 0 0 0 0
84732615G 67128354G
0 0 0 0 0 0 0 0
83726541G 67145G382
0 0 0 0 0 0 0 0
82G154763 47352618G
0 0 0 0 0 0 0 0
63G417852 G23518467
0 0 0 0 0 0 0 0
2851643G7 815G24376
0 0 0 0 0 0 0 0
1G6874523 G36251784
0 0 0 0 0 0 0 0
817632G54 71G582643
0 0 0 0 0 0 0 0
2357184G6 1867245G3
0 0 0 0 0 0 0 0
46132587G 8751362G4
0 0 0 0 0 0 0 0
78635124G 1628G4537
0 0 0 0 0 0 0 0
28153764G 27145683G
0 0 0 0 0 0 0 0
47853G612 72G534168
0 0 0 0 0 0 0 0
825461G73 641257G38
0 0 0 0 0 0 0 0
147G28365 21G348657
0 0 0 0 0 0 0 0
1237846G5 73426G815
0 0 0 0 0 0 0 0
278453G61 5174836G2
0 0 0 0 0 0 0 0
8136547G2 4185623G7
0 0 0 0 0 0 0 0
54G367182 G71456382
0 0 0 0 0 0 0 0
278614G53 65123784G
0 0 0 0 0 0 0 0
65821G437 781G54623
0 0 0 0 0 0 0 0
45816732G G57128346
0 0 0 0 0 0 0 0
23G784516 68G251734
0 0 0 0 0 0 0 0
1G4567328 7142G6538
0 0 0 0 0 0 0 0
425763G18 254G86371
0 0 0 0 0 0 0 0
7624G5318 231G45876
0 0 0 0 0 0 0 0
4561273G8 G84235167
0 0 0 0 0 0 0 0
3G1428765 G13276548
0 0 0 0 0 0 0 0
586G14273 247G86513
0 0 0 0 0 0 0 0
6124783G5 7483G1625
0 0 0 0 0 0 0 0
4G8326157 3475G6281
0 0 0 0 0 0 0 0
625G78431 63427581G
0 0 0 0 0 0 0 0
23G568147 G28613745
0 0 0 0 0 0 0 0
8762G5413 423857G61
0 0 0 0 0 0 0 0
81457G632 8427513G6
0 0 0 0 0 0 0 0
75643G281 12G836754
0 0 0 0 0 0 0 0
3856G4712 G42357618
0 0 0 0 0 0 0 0
G32148567 82756G413
0 0 0 0 0 0 0 0
31472G685 42135G876
0 0 0 0 0 0 0 0
78G124563 85743216G
0 0 0 0 0 0 0 0
358G16472 8G4752163
0 0 0 0 0 0 0 0
8243G5761 G74681352
0 0 0 0 0 0 0 0
G81734562 7683542G1
0 0 0 0 0 0 0 0
35721846G 68341G275
0 0 0 0 0 0 0 0