200
12345678G G12345678
1 2 3 4 5 6 7 8
12345678G G12345786
1 2 3 4 5 6 7 8
12345678G G12345867
1 2 3 4 5 6 7 8
12345678G G12346587
1 2 3 4 5 6 7 8
12345678G G12346758
1 2 3 4 5 6 7 8
12345678G G12346875
1 2 3 4 5 6 7 8
12345678G G12347568
1 2 3 4 5 6 7 8
12345678G G12347685
1 2 3 4 5 6 7 8
12345678G G12347856
1 2 3 4 5 6 7 8
12345678G G12348576
1 2 3 4 5 6 7 8
12345678G G12348657
1 2 3 4 5 6 7 8
12345678G G12348765
1 2 3 4 5 6 7 8
12345678G G12354687
1 2 3 4 5 6 7 8
12345678G G12354768
1 2 3 4 5 6 7 8
12345678G G12354876
1 2 3 4 5 6 7 8
12345678G G12356478
1 2 3 4 5 6 7 8
12345678G G12356784
1 2 3 4 5 6 7 8
12345678G G12356847
1 2 3 4 5 6 7 8
12345678G G12357486
1 2 3 4 5 6 7 8
12345678G G12357648
1 2 3 4 5 6 7 8
12345678G G12357864
1 2 3 4 5 6 7 8
12345678G G12358467
1 2 3 4 5 6 7 8
12345678G G12358674
1 2 3 4 5 6 7 8
12345678G G12358746
1 2 3 4 5 6 7 8
12345678G G12364578
1 2 3 4 5 6 7 8
12345678G G12364785
1 2 3 4 5 6 7 8
12345678G G12364857
1 2 3 4 5 6 7 8
12345678G G12365487
1 2 3 4 5 6 7 8
12345678G G12365748
1 2 3 4 5 6 7 8
12345678G G12365874
1 2 3 4 5 6 7 8
12345678G G12367458
1 2 3 4 5 6 7 8
12345678G G12367584
1 2 3 4 5 6 7 8
12345678G G12367845
1 2 3 4 5 6 7 8
12345678G G12368475
1 2 3 4 5 6 7 8
12345678G G12368547
1 2 3 4 5 6 7 8
12345678G G12368754
1 2 3 4 5 6 7 8
12345678G G12374586
1 2 3 4 5 6 7 8
12345678G G12374658
1 2 3 4 5 6 7 8
12345678G G12374865
1 2 3 4 5 6 7 8
12345678G G12375468
1 2 3 4 5 6 7 8
12345678G G12375684
1 2 3 4 5 6 7 8
12345678G G12375846
1 2 3 4 5 6 7 8
12345678G G12376485
1 2 3 4 5 6 7 8
12345678G G12376548
1 2 3 4 5 6 7 8
12345678G G12376854
1 2 3 4 5 6 7 8
12345678G G12378456
1 2 3 4 5 6 7 8
12345678G G12378564
1 2 3 4 5 6 7 8
12345678G G12378645
1 2 3 4 5 6 7 8
12345678G G12384567
1 2 3 4 5 6 7 8
12345678G G12384675
1 2 3 4 5 6 7 8
12345678G G12384756
1 2 3 4 5 6 7 8
12345678G G12385476
1 2 3 4 5 6 7 8
12345678G G12385647
1 2 3 4 5 6 7 8
12345678G G12385764
1 2 3 4 5 6 7 8
12345678G G12386457
1 2 3 4 5 6 7 8
12345678G G12386574
1 2 3 4 5 6 7 8
12345678G G12386745
1 2 3 4 5 6 7 8
12345678G G12387465
1 2 3 4 5 6 7 8
12345678G G12387546
1 2 3 4 5 6 7 8
12345678G G12387654
1 2 3 4 5 6 7 8
12345678G G12435687
1 2 3 4 5 6 7 8
12345678G G12435768
1 2 3 4 5 6 7 8
12345678G G12435876
1 2 3 4 5 6 7 8
12345678G G12436578
1 2 3 4 5 6 7 8
12345678G G12436785
1 2 3 4 5 6 7 8
12345678G G12436857
1 2 3 4 5 6 7 8
12345678G G12437586
1 2 3 4 5 6 7 8
12345678G G12437658
1 2 3 4 5 6 7 8
12345678G G12437865
1 2 3 4 5 6 7 8
12345678G G12438567
1 2 3 4 5 6 7 8
12345678G G12438675
1 2 3 4 5 6 7 8
12345678G G12438756
1 2 3 4 5 6 7 8
12345678G G12453678
1 2 3 4 5 6 7 8
12345678G G12453786
1 2 3 4 5 6 7 8
12345678G G12453867
1 2 3 4 5 6 7 8
12345678G G12456387
1 2 3 4 5 6 7 8
12345678G G12456738
1 2 3 4 5 6 7 8
12345678G G12456873
1 2 3 4 5 6 7 8
12345678G G12457368
1 2 3 4 5 6 7 8
12345678G G12457683
1 2 3 4 5 6 7 8
12345678G G12457836
1 2 3 4 5 6 7 8
12345678G G12458376
1 2 3 4 5 6 7 8
12345678G G12458637
1 2 3 4 5 6 7 8
12345678G G12458763
1 2 3 4 5 6 7 8
12345678G G12463587
1 2 3 4 5 6 7 8
12345678G G12463758
1 2 3 4 5 6 7 8
12345678G G12463875
1 2 3 4 5 6 7 8
12345678G G12465378
1 2 3 4 5 6 7 8
12345678G G12465783
1 2 3 4 5 6 7 8
12345678G G12465837
1 2 3 4 5 6 7 8
12345678G G12467385
1 2 3 4 5 6 7 8
12345678G G12467538
1 2 3 4 5 6 7 8
12345678G G12467853
1 2 3 4 5 6 7 8
12345678G G12468357
1 2 3 4 5 6 7 8
12345678G G12468573
1 2 3 4 5 6 7 8
12345678G G12468735
1 2 3 4 5 6 7 8
12345678G G12473568
1 2 3 4 5 6 7 8
12345678G G12473685
1 2 3 4 5 6 7 8
12345678G G12473856
1 2 3 4 5 6 7 8
12345678G G12475386
1 2 3 4 5 6 7 8
12345678G G12475638
1 2 3 4 5 6 7 8
12345678G G12475863
1 2 3 4 5 6 7 8
12345678G G12476358
1 2 3 4 5 6 7 8
12345678G G12476583
1 2 3 4 5 6 7 8
12345678G G12476835
1 2 3 4 5 6 7 8
12345678G G12478365
1 2 3 4 5 6 7 8
12345678G G12478536
1 2 3 4 5 6 7 8
12345678G G12478653
1 2 3 4 5 6 7 8
12345678G G12483576
1 2 3 4 5 6 7 8
12345678G G12483657
1 2 3 4 5 6 7 8
12345678G G12483765
1 2 3 4 5 6 7 8
12345678G G12485367
1 2 3 4 5 6 7 8
12345678G G12485673
1 2 3 4 5 6 7 8
12345678G G12485736
1 2 3 4 5 6 7 8
12345678G G12486375
1 2 3 4 5 6 7 8
12345678G G12486537
1 2 3 4 5 6 7 8
12345678G G12486753
1 2 3 4 5 6 7 8
12345678G G12487356
1 2 3 4 5 6 7 8
12345678G G12487563
1 2 3 4 5 6 7 8
12345678G G12487635
1 2 3 4 5 6 7 8
12345678G G12534678
1 2 3 4 5 6 7 8
12345678G G12534786
1 2 3 4 5 6 7 8
12345678G G12534867
1 2 3 4 5 6 7 8
12345678G G12536487
1 2 3 4 5 6 7 8
12345678G G12536748
1 2 3 4 5 6 7 8
12345678G G12536874
1 2 3 4 5 6 7 8
12345678G G12537468
1 2 3 4 5 6 7 8
12345678G G12537684
1 2 3 4 5 6 7 8
12345678G G12537846
1 2 3 4 5 6 7 8
12345678G G12538476
1 2 3 4 5 6 7 8
12345678G G12538647
1 2 3 4 5 6 7 8
12345678G G12538764
1 2 3 4 5 6 7 8
12345678G G12543687
1 2 3 4 5 6 7 8
12345678G G12543768
1 2 3 4 5 6 7 8
12345678G G12543876
1 2 3 4 5 6 7 8
12345678G G12546378
1 2 3 4 5 6 7 8
12345678G G12546783
1 2 3 4 5 6 7 8
12345678G G12546837
1 2 3 4 5 6 7 8
12345678G G12547386
1 2 3 4 5 6 7 8
12345678G G12547638
1 2 3 4 5 6 7 8
12345678G G12547863
1 2 3 4 5 6 7 8
12345678G G12548367
1 2 3 4 5 6 7 8
12345678G G12548673
1 2 3 4 5 6 7 8
12345678G G12548736
1 2 3 4 5 6 7 8
12345678G G12563478
1 2 3 4 5 6 7 8
12345678G G12563784
1 2 3 4 5 6 7 8
12345678G G12563847
1 2 3 4 5 6 7 8
12345678G G12564387
1 2 3 4 5 6 7 8
12345678G G12564738
1 2 3 4 5 6 7 8
12345678G G12564873
1 2 3 4 5 6 7 8
12345678G G12567348
1 2 3 4 5 6 7 8
12345678G G12567483
1 2 3 4 5 6 7 8
12345678G G12567834
1 2 3 4 5 6 7 8
12345678G G12568374
1 2 3 4 5 6 7 8
12345678G G12568437
1 2 3 4 5 6 7 8
12345678G G12568743
1 2 3 4 5 6 7 8
12345678G G12573486
1 2 3 4 5 6 7 8
12345678G G12573648
1 2 3 4 5 6 7 8
12345678G G12573864
1 2 3 4 5 6 7 8
12345678G G12574368
1 2 3 4 5 6 7 8
12345678G G12574683
1 2 3 4 5 6 7 8
12345678G G12574836
1 2 3 4 5 6 7 8
12345678G G12576384
1 2 3 4 5 6 7 8
12345678G G12576438
1 2 3 4 5 6 7 8
12345678G G12576843
1 2 3 4 5 6 7 8
12345678G G12578346
1 2 3 4 5 6 7 8
12345678G G12578463
1 2 3 4 5 6 7 8
12345678G G12578634
1 2 3 4 5 6 7 8
12345678G G12583467
1 2 3 4 5 6 7 8
12345678G G12583674
1 2 3 4 5 6 7 8
12345678G G12583746
1 2 3 4 5 6 7 8
12345678G G12584376
1 2 3 4 5 6 7 8
12345678G G12584637
1 2 3 4 5 6 7 8
12345678G G12584763
1 2 3 4 5 6 7 8
12345678G G12586347
1 2 3 4 5 6 7 8
12345678G G12586473
1 2 3 4 5 6 7 8
12345678G G12586734
1 2 3 4 5 6 7 8
12345678G G12587364
1 2 3 4 5 6 7 8
12345678G G12587436
1 2 3 4 5 6 7 8
12345678G G12587643
1 2 3 4 5 6 7 8
12345678G G12634587
1 2 3 4 5 6 7 8
12345678G G12634758
1 2 3 4 5 6 7 8
12345678G G12634875
1 2 3 4 5 6 7 8
12345678G G12635478
1 2 3 4 5 6 7 8
12345678G G12635784
1 2 3 4 5 6 7 8
12345678G G12635847
1 2 3 4 5 6 7 8
12345678G G12637485
1 2 3 4 5 6 7 8
12345678G G12637548
1 2 3 4 5 6 7 8
12345678G G12637854
1 2 3 4 5 6 7 8
12345678G G12638457
1 2 3 4 5 6 7 8
12345678G G12638574
1 2 3 4 5 6 7 8
12345678G G12638745
1 2 3 4 5 6 7 8
12345678G G12643578
1 2 3 4 5 6 7 8
12345678G G12643785
1 2 3 4 5 6 7 8
12345678G G12643857
1 2 3 4 5 6 7 8
12345678G G12645387
1 2 3 4 5 6 7 8
12345678G G12645738
1 2 3 4 5 6 7 8
12345678G G12645873
1 2 3 4 5 6 7 8
12345678G G12647358
1 2 3 4 5 6 7 8
12345678G G12647583
1 2 3 4 5 6 7 8
