200
G12345678 12345678G
1 2 3 4 5 6 7 8
G12345786 12345678G
1 2 3 4 5 6 7 8
G12345867 12345678G
1 2 3 4 5 6 7 8
G12346587 12345678G
1 2 3 4 5 6 7 8
G12346758 12345678G
1 2 3 4 5 6 7 8
G12346875 12345678G
1 2 3 4 5 6 7 8
G12347568 12345678G
1 2 3 4 5 6 7 8
G12347685 12345678G
1 2 3 4 5 6 7 8
G12347856 12345678G
1 2 3 4 5 6 7 8
G12348576 12345678G
1 2 3 4 5 6 7 8
G12348657 12345678G
1 2 3 4 5 6 7 8
G12348765 12345678G
1 2 3 4 5 6 7 8
G12354687 12345678G
1 2 3 4 5 6 7 8
G12354768 12345678G
1 2 3 4 5 6 7 8
G12354876 12345678G
1 2 3 4 5 6 7 8
G12356478 12345678G
1 2 3 4 5 6 7 8
G12356784 12345678G
1 2 3 4 5 6 7 8
G12356847 12345678G
1 2 3 4 5 6 7 8
G12357486 12345678G
1 2 3 4 5 6 7 8
G12357648 12345678G
1 2 3 4 5 6 7 8
G12357864 12345678G
1 2 3 4 5 6 7 8
G12358467 12345678G
1 2 3 4 5 6 7 8
G12358674 12345678G
1 2 3 4 5 6 7 8
G12358746 12345678G
1 2 3 4 5 6 7 8
G12364578 12345678G
1 2 3 4 5 6 7 8
G12364785 12345678G
1 2 3 4 5 6 7 8
G12364857 12345678G
1 2 3 4 5 6 7 8
G12365487 12345678G
1 2 3 4 5 6 7 8
G12365748 12345678G
1 2 3 4 5 6 7 8
G12365874 12345678G
1 2 3 4 5 6 7 8
G12367458 12345678G
1 2 3 4 5 6 7 8
G12367584 12345678G
1 2 3 4 5 6 7 8
G12367845 12345678G
1 2 3 4 5 6 7 8
G12368475 12345678G
1 2 3 4 5 6 7 8
G12368547 12345678G
1 2 3 4 5 6 7 8
G12368754 12345678G
1 2 3 4 5 6 7 8
G12374586 12345678G
1 2 3 4 5 6 7 8
G12374658 12345678G
1 2 3 4 5 6 7 8
G12374865 12345678G
1 2 3 4 5 6 7 8
G12375468 12345678G
1 2 3 4 5 6 7 8
G12375684 12345678G
1 2 3 4 5 6 7 8
G12375846 12345678G
1 2 3 4 5 6 7 8
G12376485 12345678G
1 2 3 4 5 6 7 8
G12376548 12345678G
1 2 3 4 5 6 7 8
G12376854 12345678G
1 2 3 4 5 6 7 8
G12378456 12345678G
1 2 3 4 5 6 7 8
G12378564 12345678G
1 2 3 4 5 6 7 8
G12378645 12345678G
1 2 3 4 5 6 7 8
G12384567 12345678G
1 2 3 4 5 6 7 8
G12384675 12345678G
1 2 3 4 5 6 7 8
G12384756 12345678G
1 2 3 4 5 6 7 8
G12385476 12345678G
1 2 3 4 5 6 7 8
G12385647 12345678G
1 2 3 4 5 6 7 8
G12385764 12345678G
1 2 3 4 5 6 7 8
G12386457 12345678G
1 2 3 4 5 6 7 8
G12386574 12345678G
1 2 3 4 5 6 7 8
G12386745 12345678G
1 2 3 4 5 6 7 8
G12387465 12345678G
1 2 3 4 5 6 7 8
G12387546 12345678G
1 2 3 4 5 6 7 8
G12387654 12345678G
1 2 3 4 5 6 7 8
G12435687 12345678G
1 2 3 4 5 6 7 8
G12435768 12345678G
1 2 3 4 5 6 7 8
G12435876 12345678G
1 2 3 4 5 6 7 8
G12436578 12345678G
1 2 3 4 5 6 7 8
G12436785 12345678G
1 2 3 4 5 6 7 8
G12436857 12345678G
1 2 3 4 5 6 7 8
G12437586 12345678G
1 2 3 4 5 6 7 8
G12437658 12345678G
1 2 3 4 5 6 7 8
G12437865 12345678G
1 2 3 4 5 6 7 8
G12438567 12345678G
1 2 3 4 5 6 7 8
G12438675 12345678G
1 2 3 4 5 6 7 8
G12438756 12345678G
1 2 3 4 5 6 7 8
G12453678 12345678G
1 2 3 4 5 6 7 8
G12453786 12345678G
1 2 3 4 5 6 7 8
G12453867 12345678G
1 2 3 4 5 6 7 8
G12456387 12345678G
1 2 3 4 5 6 7 8
G12456738 12345678G
1 2 3 4 5 6 7 8
G12456873 12345678G
1 2 3 4 5 6 7 8
G12457368 12345678G
1 2 3 4 5 6 7 8
G12457683 12345678G
1 2 3 4 5 6 7 8
G12457836 12345678G
1 2 3 4 5 6 7 8
G12458376 12345678G
1 2 3 4 5 6 7 8
G12458637 12345678G
1 2 3 4 5 6 7 8
G12458763 12345678G
1 2 3 4 5 6 7 8
G12463587 12345678G
1 2 3 4 5 6 7 8
G12463758 12345678G
1 2 3 4 5 6 7 8
G12463875 12345678G
1 2 3 4 5 6 7 8
G12465378 12345678G
1 2 3 4 5 6 7 8
G12465783 12345678G
1 2 3 4 5 6 7 8
G12465837 12345678G
1 2 3 4 5 6 7 8
G12467385 12345678G
1 2 3 4 5 6 7 8
G12467538 12345678G
1 2 3 4 5 6 7 8
G12467853 12345678G
1 2 3 4 5 6 7 8
G12468357 12345678G
1 2 3 4 5 6 7 8
G12468573 12345678G
1 2 3 4 5 6 7 8
G12468735 12345678G
1 2 3 4 5 6 7 8
G12473568 12345678G
1 2 3 4 5 6 7 8
G12473685 12345678G
1 2 3 4 5 6 7 8
G12473856 12345678G
1 2 3 4 5 6 7 8
G12475386 12345678G
1 2 3 4 5 6 7 8
G12475638 12345678G
1 2 3 4 5 6 7 8
G12475863 12345678G
1 2 3 4 5 6 7 8
G12476358 12345678G
1 2 3 4 5 6 7 8
G12476583 12345678G
1 2 3 4 5 6 7 8
G12476835 12345678G
1 2 3 4 5 6 7 8
G12478365 12345678G
1 2 3 4 5 6 7 8
G12478536 12345678G
1 2 3 4 5 6 7 8
G12478653 12345678G
1 2 3 4 5 6 7 8
G12483576 12345678G
1 2 3 4 5 6 7 8
G12483657 12345678G
1 2 3 4 5 6 7 8
G12483765 12345678G
1 2 3 4 5 6 7 8
G12485367 12345678G
1 2 3 4 5 6 7 8
G12485673 12345678G
1 2 3 4 5 6 7 8
G12485736 12345678G
1 2 3 4 5 6 7 8
G12486375 12345678G
1 2 3 4 5 6 7 8
G12486537 12345678G
1 2 3 4 5 6 7 8
G12486753 12345678G
1 2 3 4 5 6 7 8
G12487356 12345678G
1 2 3 4 5 6 7 8
G12487563 12345678G
1 2 3 4 5 6 7 8
G12487635 12345678G
1 2 3 4 5 6 7 8
G12534678 12345678G
1 2 3 4 5 6 7 8
G12534786 12345678G
1 2 3 4 5 6 7 8
G12534867 12345678G
1 2 3 4 5 6 7 8
G12536487 12345678G
1 2 3 4 5 6 7 8
G12536748 12345678G
1 2 3 4 5 6 7 8
G12536874 12345678G
1 2 3 4 5 6 7 8
G12537468 12345678G
1 2 3 4 5 6 7 8
G12537684 12345678G
1 2 3 4 5 6 7 8
G12537846 12345678G
1 2 3 4 5 6 7 8
G12538476 12345678G
1 2 3 4 5 6 7 8
G12538647 12345678G
1 2 3 4 5 6 7 8
G12538764 12345678G
1 2 3 4 5 6 7 8
G12543687 12345678G
1 2 3 4 5 6 7 8
G12543768 12345678G
1 2 3 4 5 6 7 8
G12543876 12345678G
1 2 3 4 5 6 7 8
G12546378 12345678G
1 2 3 4 5 6 7 8
G12546783 12345678G
1 2 3 4 5 6 7 8
G12546837 12345678G
1 2 3 4 5 6 7 8
G12547386 12345678G
1 2 3 4 5 6 7 8
G12547638 12345678G
1 2 3 4 5 6 7 8
G12547863 12345678G
1 2 3 4 5 6 7 8
G12548367 12345678G
1 2 3 4 5 6 7 8
G12548673 12345678G
1 2 3 4 5 6 7 8
G12548736 12345678G
1 2 3 4 5 6 7 8
G12563478 12345678G
1 2 3 4 5 6 7 8
G12563784 12345678G
1 2 3 4 5 6 7 8
G12563847 12345678G
1 2 3 4 5 6 7 8
G12564387 12345678G
1 2 3 4 5 6 7 8
G12564738 12345678G
1 2 3 4 5 6 7 8
G12564873 12345678G
1 2 3 4 5 6 7 8
G12567348 12345678G
1 2 3 4 5 6 7 8
G12567483 12345678G
1 2 3 4 5 6 7 8
G12567834 12345678G
1 2 3 4 5 6 7 8
G12568374 12345678G
1 2 3 4 5 6 7 8
G12568437 12345678G
1 2 3 4 5 6 7 8
G12568743 12345678G
1 2 3 4 5 6 7 8
G12573486 12345678G
1 2 3 4 5 6 7 8
G12573648 12345678G
1 2 3 4 5 6 7 8
G12573864 12345678G
1 2 3 4 5 6 7 8
G12574368 12345678G
1 2 3 4 5 6 7 8
G12574683 12345678G
1 2 3 4 5 6 7 8
G12574836 12345678G
1 2 3 4 5 6 7 8
G12576384 12345678G
1 2 3 4 5 6 7 8
G12576438 12345678G
1 2 3 4 5 6 7 8
G12576843 12345678G
1 2 3 4 5 6 7 8
G12578346 12345678G
1 2 3 4 5 6 7 8
G12578463 12345678G
1 2 3 4 5 6 7 8
G12578634 12345678G
1 2 3 4 5 6 7 8
G12583467 12345678G
1 2 3 4 5 6 7 8
G12583674 12345678G
1 2 3 4 5 6 7 8
G12583746 12345678G
1 2 3 4 5 6 7 8
G12584376 12345678G
1 2 3 4 5 6 7 8
G12584637 12345678G
1 2 3 4 5 6 7 8
G12584763 12345678G
1 2 3 4 5 6 7 8
G12586347 12345678G
1 2 3 4 5 6 7 8
G12586473 12345678G
1 2 3 4 5 6 7 8
G12586734 12345678G
1 2 3 4 5 6 7 8
G12587364 12345678G
1 2 3 4 5 6 7 8
G12587436 12345678G
1 2 3 4 5 6 7 8
G12587643 12345678G
1 2 3 4 5 6 7 8
G12634587 12345678G
1 2 3 4 5 6 7 8
G12634758 12345678G
1 2 3 4 5 6 7 8
G12634875 12345678G
1 2 3 4 5 6 7 8
G12635478 12345678G
1 2 3 4 5 6 7 8
G12635784 12345678G
1 2 3 4 5 6 7 8
G12635847 12345678G
1 2 3 4 5 6 7 8
G12637485 12345678G
1 2 3 4 5 6 7 8
G12637548 12345678G
1 2 3 4 5 6 7 8
G12637854 12345678G
1 2 3 4 5 6 7 8
G12638457 12345678G
1 2 3 4 5 6 7 8
G12638574 12345678G
1 2 3 4 5 6 7 8
G12638745 12345678G
1 2 3 4 5 6 7 8
G12643578 12345678G
1 2 3 4 5 6 7 8
G12643785 12345678G
1 2 3 4 5 6 7 8
G12643857 12345678G
1 2 3 4 5 6 7 8
G12645387 12345678G
1 2 3 4 5 6 7 8
G12645738 12345678G
1 2 3 4 5 6 7 8
G12645873 12345678G
1 2 3 4 5 6 7 8
G12647358 12345678G
1 2 3 4 5 6 7 8
G12647583 12345678G
1 2 3 4 5 6 7 8
