100
37825416G 63G582471
17 95 26 79 55 34 58 2 
G23564781 26547183G
10 40 0 87 41 5 97 68 
G64172835 421583G76
30 93 88 7 68 89 11 77 
214375G68 342G17658
87 13 65 66 32 0 41 4 
8561G2347 4635178G2
79 83 85 17 58 28 81 19 
3524G7186 87615G243
81 49 4 3 32 24 88 93 
8573421G6 57426G831
28 0 87 37 91 19 54 4 
153G74826 3864G5127
38 10 21 48 12 55 71 100 
12G543876 46275G813
55 78 79 22 4 32 27 60 
43715268G 6G2173548
10 84 100 59 70 31 14 46 
26G574813 76124583G
56 23 65 90 51 5 68 52 
2G4635718 7G2341865
8 23 55 18 35 46 25 56 
4G2783516 48261357G
86 28 23 40 43 38 82 72 
76G453128 71425683G
41 48 69 46 16 97 28 93 
342G86517 37G625184
46 19 6 38 4 83 15 34 
32G571648 61G574823
63 66 7 57 80 91 18 27 
813265G47 7G4586132
14 100 96 22 85 97 60 23 
427186G35 4625781G3
31 34 0 94 38 89 54 68 
258764G13 2651738G4
90 78 32 80 15 48 31 9 
43728G561 68G513724
57 56 47 12 39 1 0 40 
14723G586 76G452381
13 74 70 44 82 54 13 85 
315G47286 416573G28
34 43 88 98 28 13 16 40 
157682G34 8163475G2
9 37 21 60 21 40 8 65 
18547G236 74523G618
76 71 15 18 49 8 37 11 
728516G34 4761358G2
17 53 60 16 71 28 37 26 
514782G63 428671G35
72 27 55 34 91 71 88 40 
5748G6231 356G24718
78 80 57 78 47 62 27 7 
2345G7816 47135G286
11 2 2 100 85 32 0 83 
2178356G4 34672158G
15 33 52 57 90 38 71 93 
817564G23 37184G256
71 73 71 70 70 27 22 81 
73164528G G78142365
85 37 63 4 53 32 67 23 
4G5318762 63584217G
96 24 2 23 9 28 13 87 
2G6831457 2678514G3
19 12 44 6 79 20 4 91 
2378G4516 124G56378
65 56 74 42 16 90 57 66 
2437681G5 38G612745
73 13 33 10 38 12 8 67 
5G8314762 2486G5371
15 81 5 4 45 25 12 67 
2G4683751 12G456783
98 35 58 89 99 5 83 84 
7615432G8 7G6254831
56 12 70 27 12 90 67 83 
245718G36 4G1638527
80 45 100 49 91 100 92 78 
64G315287 53641G728
79 56 16 33 47 34 6 75 
1267483G5 1384G6527
47 63 10 79 1 16 56 14 
6G2534871 8175G6342
25 75 95 45 40 35 78 84 
52G316847 2743G1586
11 56 19 1 78 25 48 95 
G81624735 6478G3125
52 55 96 87 13 69 45 96 
76G823514 76132458G
24 93 3 93 24 76 60 30 
8162G4573 G75638421
48 31 69 67 8 92 58 91 
18256374G G14637852
0 88 21 100 21 64 97 30 
65138274G 612374G58
30 5 59 55 68 44 62 36 
2763814G5 24385G761
21 28 64 88 58 58 21 91 
25368G471 42G817635
46 59 45 51 100 36 42 47 
716G42385 51732G864
94 75 51 9 86 0 15 86 
12G675384 1527634G8
88 46 83 40 34 15 94 98 
71862G354 14283576G
75 41 49 97 54 45 51 23 
785431G26 G68123457
60 28 38 34 44 54 9 53 
586G47231 6724G3185
35 88 34 66 73 38 10 9 
167834G52 21G387465
17 18 47 79 69 83 45 74 
236754G18 814G63257
49 44 46 86 76 79 40 99 
G63451872 53G162847
34 69 62 70 75 37 89 80 
34571628G 8617G4523
42 55 39 40 85 4 81 4 
45281G376 65473G182
69 53 54 99 37 6 94 74 
8462357G1 2815463G7
27 49 13 51 4 87 82 25 
27G468351 3867524G1
98 85 38 42 79 14 34 19 
1672G3584 G18274365
94 68 86 85 1 54 43 53 
82543G761 67324185G
54 83 44 62 37 71 10 73 
5382G6417 64G213785
12 42 12 88 39 12 81 88 
564173G28 8521743G6
51 7 59 93 59 26 50 71 
43526187G 62G784315
8 9 37 3 28 94 5 18 
85G436712 758436G12
77 77 4 44 24 96 82 18 
125378G64 15834G267
12 99 67 73 98 14 15 27 
28G614573 2154G6387
54 21 44 5 74 82 15 58 
87523641G 5368G7214
44 2 22 70 30 8 32 54 
41758263G 51638G247
81 2 75 74 60 77 14 22 
81764253G 376854G12
66 59 80 12 21 44 21 59 
341G76258 G87631542
41 2 39 87 35 8 60 16 
2634G1578 5462378G1
0 74 29 3 42 68 33 26 
6328G5417 4G8321765
66 52 81 70 50 15 74 65 
5178G4236 57264G831
58 94 34 98 23 48 20 82 
2613G5748 5741862G3
54 18 93 90 8 64 65 44 
38516427G 815346G72
58 35 32 72 30 79 96 92 
83G714526 4715263G8
24 72 37 16 14 27 17 7 
874561G23 8631G2457
70 42 0 61 36 77 40 9 
3524876G1 54G813276
22 33 70 96 45 53 75 17 
27831G645 61273G548
4 55 45 94 83 76 2 98 
4572136G8 6385127G4
99 83 53 21 3 80 51 35 
23456G718 8246713G5
1 81 74 56 63 64 42 56 
371865G42 27148356G
83 88 6 87 14 11 100 96 
G21587436 453G61827
26 98 75 10 63 91 40 17 
2874G1635 6127G4358
76 73 89 29 58 81 57 36 
5386G1472 36G427158
72 71 49 100 55 88 95 43 
542G13678 41263578G
44 32 54 34 21 67 98 89 
5673G2814 87G265314
76 80 43 41 19 92 19 37 
21G765384 27365G418
97 65 15 27 54 44 5 32 
81746253G 27618534G
95 64 87 21 80 59 48 100 
5847G1632 173G58642
35 32 38 1 20 46 12 73 
64527381G 5G3718462
36 51 3 10 54 69 4 41 
58627G431 1582674G3
60 90 13 85 52 49 99 43 
G54671832 2G3764158
5 77 96 3 39 69 67 42 
1G3475286 43126G785
0 98 69 54 1 12 71 14 
2387G5416 4186352G7
33 84 37 86 18 47 69 21 
18364752G 4G6285371
87 71 82 60 29 99 8 1 
